1,35
2,91
3,16
4,164
5,134
6,14
7,50
8,6
9,51
10,59
11,30
12,111
13,20
14,101
15,161
16,104
17,57
18,27
19,67
20,82
21,124
22,110
23,117
24,115
25,84
26,46
27,162
28,94
29,121
30,137
31,140
32,157
33,69
34,80
35,9
36,136
37,29
38,97
39,25
40,126
41,167
42,12
43,151
44,88
45,42
46,22
47,149
48,45
49,152
50,28
51,39
52,133
53,38
54,131
55,75
56,112
57,34
58,43
59,78
60,10
61,135
62,107
63,93
64,159
65,4
66,98
67,144
68,138
69,92
70,130
71,56
72,17
73,53
74,139
75,13
76,8
77,23
78,102
79,100
80,5
81,103
82,165
83,154
84,47
85,150
86,116
87,168
88,148
89,81
90,79
91,163
92,32
93,113
94,147
95,72
96,33
97,95
98,60
99,64
100,155
101,141
102,120
103,160
104,68
105,41
106,122
107,1
108,85
109,19
110,83
111,166
112,106
113,105
114,114
115,142
116,76
117,65
118,31
119,158
120,127
121,21
122,143
123,123
124,37
125,52
126,71
127,36
128,145
129,89
130,54
131,63
132,2
133,132
134,77
135,7
136,18
137,87
138,109
139,55
140,40
141,108
142,44
143,11
144,90
145,15
146,146
147,118
148,99
149,58
150,48
151,96
152,129
153,3
154,66
155,61
156,74
157,73
158,153
159,128
160,24
161,26
162,119
163,86
164,70
165,49
166,62
167,125
168,156
