1,18
2,15
3,75
4,80
5,141
6,41
7,30
8,32
9,92
10,125
11,70
12,136
13,51
14,22
15,93
16,62
17,128
18,110
19,154
20,31
21,25
22,37
23,48
24,24
25,14
26,87
27,160
28,113
29,3
30,19
31,156
32,129
33,150
34,122
35,67
36,60
37,97
38,63
39,74
40,10
41,50
42,149
43,13
44,105
45,2
46,4
47,109
48,104
49,39
50,166
51,115
52,164
53,132
54,117
55,9
56,45
57,119
58,107
59,69
60,101
61,44
62,124
63,144
64,95
65,121
66,153
67,148
68,66
69,59
70,167
71,7
72,84
73,65
74,114
75,145
76,27
77,118
78,20
79,98
80,147
81,130
82,49
83,78
84,35
85,112
86,100
87,133
88,68
89,76
90,162
91,61
92,111
93,127
94,11
95,8
96,99
97,12
98,151
99,94
100,21
101,29
102,73
103,28
104,123
105,155
106,52
107,135
108,103
109,143
110,159
111,26
112,161
113,77
114,163
115,34
116,88
117,131
118,64
119,23
120,89
121,158
122,146
123,16
124,83
125,116
126,53
127,57
128,43
129,102
130,6
131,90
132,46
133,165
134,142
135,47
136,71
137,5
138,81
139,134
140,108
141,42
142,138
143,157
144,79
145,38
146,85
147,72
148,139
149,82
150,33
151,137
152,36
153,152
154,86
155,54
156,58
157,126
158,168
159,1
160,96
161,120
162,56
163,106
164,17
165,140
166,91
167,55
168,40
