1,129
2,105
3,123
4,26
5,93
6,69
7,78
8,85
9,109
10,14
11,2
12,76
13,135
14,108
15,89
16,27
17,159
18,91
19,11
20,124
21,66
22,63
23,46
24,64
25,126
26,97
27,152
28,22
29,57
30,12
31,151
32,18
33,8
34,112
35,156
36,86
37,110
38,59
39,160
40,58
41,5
42,149
43,74
44,111
45,31
46,49
47,150
48,117
49,56
50,167
51,44
52,120
53,43
54,35
55,34
56,30
57,41
58,165
59,36
60,82
61,61
62,163
63,139
64,95
65,121
66,158
67,166
68,100
69,1
70,28
71,54
72,88
73,104
74,116
75,70
76,138
77,60
78,24
79,127
80,50
81,38
82,10
83,67
84,19
85,7
86,115
87,164
88,45
89,153
90,52
91,73
92,133
93,75
94,17
95,134
96,72
97,147
98,25
99,80
100,84
101,137
102,79
103,42
104,154
105,145
106,144
107,118
108,94
109,15
110,125
111,39
112,98
113,71
114,130
115,23
116,6
117,77
118,62
119,168
120,3
121,119
122,13
123,92
124,16
125,55
126,148
127,161
128,65
129,107
130,136
131,106
132,113
133,4
134,47
135,83
136,68
137,81
138,51
139,48
140,103
141,143
142,40
143,33
144,99
145,102
146,141
147,101
148,29
149,128
150,142
151,32
152,37
153,53
154,131
155,162
156,21
157,140
158,122
159,146
160,155
161,157
162,132
163,9
164,87
165,20
166,114
167,90
168,96
