1,11
2,70
3,145
4,30
5,118
6,90
7,74
8,50
9,125
10,23
11,72
12,85
13,20
14,149
15,36
16,16
17,42
18,57
19,98
20,17
21,160
22,6
23,97
24,71
25,141
26,106
27,38
28,75
29,96
30,133
31,18
32,113
33,100
34,92
35,123
36,127
37,109
38,58
39,56
40,60
41,31
42,156
43,25
44,64
45,103
46,78
47,126
48,84
49,66
50,140
51,69
52,45
53,26
54,77
55,61
56,163
57,51
58,144
59,47
60,19
61,67
62,65
63,154
64,135
65,139
66,151
67,89
68,102
69,81
70,124
71,168
72,52
73,162
74,39
75,111
76,59
77,146
78,114
79,43
80,108
81,34
82,112
83,164
84,82
85,143
86,148
87,99
88,153
89,32
90,22
91,24
92,14
93,37
94,4
95,105
96,87
97,157
98,167
99,131
100,29
101,63
102,15
103,115
104,137
105,2
106,91
107,132
108,83
109,73
110,27
111,93
112,152
113,1
114,21
115,129
116,3
117,95
118,158
119,130
120,79
121,35
122,62
123,8
124,142
125,116
126,28
127,68
128,120
129,10
130,41
131,49
132,94
133,40
134,138
135,5
136,54
137,110
138,86
139,53
140,159
141,48
142,122
143,119
144,55
145,9
146,76
147,134
148,7
149,121
150,128
151,33
152,150
153,80
154,101
155,165
156,166
157,147
158,44
159,107
160,136
161,88
162,161
163,46
164,12
165,155
166,104
167,117
168,13
