1,141
2,103
3,118
4,110
5,3
6,11
7,115
8,100
9,84
10,19
11,140
12,23
13,31
14,127
15,40
16,155
17,130
18,48
19,21
20,42
21,96
22,89
23,161
24,43
25,104
26,111
27,17
28,97
29,126
30,13
31,158
32,99
33,74
34,88
35,25
36,76
37,66
38,156
39,142
40,112
41,148
42,95
43,39
44,37
45,46
46,150
47,82
48,105
49,101
50,50
51,79
52,133
53,164
54,58
55,7
56,90
57,80
58,16
59,33
60,134
61,57
62,51
63,122
64,139
65,44
66,114
67,65
68,109
69,151
70,62
71,98
72,91
73,71
74,125
75,18
76,147
77,160
78,107
79,60
80,20
81,73
82,34
83,30
84,159
85,1
86,168
87,165
88,27
89,77
90,2
91,75
92,9
93,14
94,28
95,93
96,146
97,157
98,64
99,53
100,87
101,83
102,49
103,123
104,61
105,12
106,102
107,67
108,120
109,145
110,24
111,152
112,6
113,154
114,38
115,32
116,26
117,92
118,138
119,135
120,166
121,63
122,121
123,136
124,119
125,149
126,41
127,8
128,162
129,35
130,47
131,55
132,72
133,4
134,86
135,94
136,108
137,81
138,117
139,124
140,5
141,128
142,70
143,85
144,45
145,163
146,22
147,116
148,69
149,143
150,129
151,59
152,144
153,106
154,52
155,131
156,10
157,56
158,137
159,36
160,113
161,78
162,68
163,29
164,54
165,167
166,15
167,153
168,132
