1,91
2,141
3,143
4,75
5,163
6,120
7,117
8,145
9,106
10,42
11,136
12,53
13,59
14,88
15,34
16,8
17,109
18,165
19,140
20,107
21,60
22,104
23,157
24,159
25,5
26,48
27,97
28,55
29,39
30,101
31,122
32,164
33,10
34,133
35,66
36,36
37,110
38,128
39,6
40,112
41,135
42,118
43,153
44,54
45,95
46,146
47,3
48,63
49,94
50,17
51,22
52,142
53,64
54,79
55,33
56,74
57,154
58,7
59,70
60,113
61,37
62,139
63,14
64,77
65,168
66,123
67,89
68,57
69,32
70,44
71,167
72,51
73,90
74,148
75,25
76,4
77,93
78,150
79,43
80,80
81,158
82,15
83,47
84,119
85,19
86,24
87,114
88,111
89,131
90,134
91,83
92,31
93,69
94,45
95,96
96,100
97,85
98,162
99,29
100,115
101,28
102,105
103,124
104,16
105,98
106,1
107,121
108,13
109,126
110,147
111,58
112,87
113,138
114,2
115,127
116,102
117,61
118,38
119,76
120,99
121,11
122,56
123,72
124,20
125,160
126,12
127,30
128,108
129,62
130,52
131,41
132,152
133,130
134,149
135,129
136,156
137,73
138,68
139,65
140,116
141,35
142,27
143,86
144,82
145,40
146,144
147,46
148,137
149,18
150,23
151,125
152,81
153,67
154,132
155,166
156,71
157,49
158,26
159,21
160,9
161,161
162,50
163,78
164,84
165,103
166,92
167,155
168,151
