1,122
2,135
3,102
4,18
5,110
6,76
7,64
8,45
9,22
10,153
11,47
12,85
13,168
14,114
15,137
16,130
17,24
18,55
19,73
20,70
21,119
22,82
23,25
24,140
25,30
26,79
27,92
28,53
29,37
30,36
31,23
32,124
33,31
34,32
35,87
36,162
37,151
38,2
39,27
40,10
41,63
42,164
43,17
44,95
45,51
46,88
47,33
48,152
49,28
50,75
51,133
52,41
53,72
54,62
55,139
56,89
57,108
58,138
59,14
60,69
61,143
62,165
63,149
64,48
65,44
66,134
67,104
68,91
69,80
70,35
71,148
72,34
73,71
74,4
75,26
76,39
77,56
78,163
79,100
80,101
81,94
82,93
83,90
84,65
85,3
86,123
87,141
88,81
89,15
90,128
91,54
92,66
93,155
94,136
95,77
96,8
97,105
98,74
99,97
100,159
101,12
102,11
103,142
104,126
105,21
106,29
107,58
108,50
109,145
110,86
111,67
112,156
113,83
114,113
115,125
116,42
117,84
118,117
119,6
120,19
121,20
122,68
123,115
124,1
125,9
126,132
127,60
128,118
129,40
130,46
131,107
132,49
133,78
134,111
135,16
136,61
137,157
138,52
139,167
140,99
141,144
142,7
143,150
144,146
145,127
146,96
147,106
148,158
149,109
150,57
151,120
152,43
153,166
154,147
155,112
156,129
157,5
158,154
159,59
160,103
161,38
162,13
163,160
164,131
165,161
166,121
167,98
168,116
