1,82
2,15
3,155
4,66
5,132
6,124
7,86
8,78
9,108
10,61
11,92
12,16
13,120
14,75
15,76
16,26
17,93
18,119
19,84
20,67
21,9
22,121
23,45
24,47
25,42
26,131
27,97
28,81
29,91
30,19
31,134
32,103
33,158
34,58
35,21
36,17
37,22
38,74
39,130
40,46
41,104
42,20
43,38
44,55
45,118
46,40
47,68
48,100
49,11
50,57
51,129
52,128
53,64
54,123
55,36
56,122
57,115
58,136
59,112
60,52
61,80
62,27
63,41
64,72
65,99
66,156
67,110
68,24
69,34
70,83
71,59
72,13
73,106
74,62
75,28
76,144
77,48
78,87
79,125
80,8
81,63
82,159
83,117
84,160
85,65
86,127
87,10
88,33
89,105
90,140
91,7
92,18
93,23
94,147
95,5
96,138
97,95
98,56
99,145
100,60
101,85
102,3
103,77
104,148
105,6
106,111
107,161
108,71
109,126
110,113
111,25
112,43
113,69
114,30
115,51
116,101
117,154
118,14
119,37
120,153
121,149
122,141
123,116
124,162
125,32
126,102
127,2
128,12
129,151
130,49
131,94
132,98
133,137
134,70
135,53
136,146
137,139
138,157
139,35
140,168
141,107
142,50
143,152
144,4
145,44
146,142
147,114
148,1
149,135
150,96
151,133
152,89
153,73
154,143
155,29
156,167
157,163
158,109
159,79
160,88
161,164
162,166
163,90
164,39
165,54
166,31
167,150
168,165
