1,14
2,166
3,65
4,83
5,114
6,13
7,67
8,164
9,86
10,50
11,161
12,154
13,106
14,3
15,80
16,119
17,42
18,97
19,158
20,43
21,92
22,37
23,118
24,85
25,159
26,73
27,163
28,130
29,19
30,98
31,8
32,165
33,62
34,33
35,59
36,22
37,112
38,132
39,160
40,116
41,61
42,34
43,151
44,75
45,105
46,104
47,45
48,82
49,99
50,74
51,9
52,102
53,46
54,47
55,29
56,55
57,126
58,12
59,89
60,23
61,6
62,110
63,103
64,128
65,70
66,142
67,96
68,113
69,95
70,129
71,134
72,24
73,149
74,167
75,111
76,36
77,66
78,84
79,10
80,148
81,143
82,71
83,136
84,18
85,48
86,115
87,35
88,123
89,51
90,152
91,109
92,127
93,156
94,15
95,117
96,30
97,90
98,40
99,124
100,108
101,78
102,168
103,31
104,72
105,125
106,94
107,162
108,20
109,49
110,16
111,81
112,17
113,133
114,121
115,44
116,131
117,145
118,144
119,58
120,138
121,155
122,52
123,4
124,139
125,146
126,88
127,120
128,135
129,60
130,153
131,1
132,101
133,5
134,32
135,38
136,2
137,140
138,28
139,57
140,54
141,68
142,25
143,11
144,141
145,63
146,39
147,69
148,79
149,157
150,150
151,107
152,21
153,91
154,100
155,64
156,77
157,147
158,76
159,41
160,53
161,87
162,27
163,137
164,56
165,26
166,122
167,93
168,7
