1,76
2,38
3,92
4,14
5,131
6,153
7,108
8,140
9,93
10,109
11,160
12,46
13,52
14,134
15,98
16,82
17,51
18,39
19,8
20,94
21,81
22,64
23,148
24,139
25,154
26,80
27,45
28,165
29,68
30,116
31,10
32,114
33,141
34,149
35,126
36,12
37,5
38,112
39,29
40,86
41,41
42,26
43,11
44,133
45,71
46,147
47,122
48,24
49,6
50,101
51,25
52,125
53,130
54,102
55,85
56,152
57,69
58,117
59,18
60,157
61,166
62,84
63,89
64,158
65,118
66,145
67,136
68,107
69,28
70,72
71,156
72,22
73,4
74,16
75,164
76,138
77,73
78,150
79,142
80,54
81,121
82,31
83,58
84,146
85,144
86,163
87,70
88,120
89,123
90,9
91,32
92,34
93,65
94,127
95,48
96,106
97,137
98,60
99,97
100,43
101,162
102,3
103,99
104,49
105,91
106,115
107,83
108,113
109,19
110,95
111,100
112,44
113,110
114,88
115,135
116,61
117,40
118,53
119,59
120,167
121,124
122,90
123,37
124,96
125,103
126,2
127,36
128,159
129,132
130,129
131,78
132,33
133,23
134,17
135,77
136,55
137,30
138,21
139,143
140,7
141,15
142,128
143,168
144,75
145,63
146,20
147,57
148,56
149,105
150,13
151,155
152,42
153,50
154,79
155,27
156,74
157,67
158,1
159,119
160,151
161,35
162,111
163,161
164,87
165,62
166,47
167,104
168,66
