1,163
2,141
3,99
4,14
5,17
6,18
7,143
8,61
9,25
10,24
11,106
12,40
13,78
14,130
15,41
16,47
17,120
18,11
19,92
20,154
21,5
22,72
23,80
24,160
25,33
26,1
27,97
28,133
29,66
30,150
31,145
32,7
33,137
34,38
35,149
36,142
37,108
38,135
39,34
40,46
41,134
42,42
43,167
44,153
45,23
46,54
47,168
48,43
49,16
50,63
51,44
52,159
53,127
54,165
55,75
56,9
57,162
58,123
59,56
60,125
61,144
62,87
63,73
64,126
65,103
66,62
67,81
68,94
69,57
70,156
71,52
72,26
73,6
74,84
75,79
76,102
77,3
78,4
79,8
80,51
81,15
82,58
83,158
84,83
85,117
86,100
87,118
88,131
89,121
90,67
91,69
92,21
93,148
94,164
95,111
96,155
97,64
98,77
99,157
100,139
101,132
102,166
103,91
104,59
105,70
106,13
107,105
108,65
109,82
110,110
111,31
112,85
113,101
114,140
115,129
116,50
117,95
118,2
119,37
120,93
121,146
122,45
123,10
124,53
125,27
126,60
127,86
128,138
129,30
130,89
131,19
132,28
133,107
134,161
135,136
136,74
137,109
138,124
139,113
140,96
141,151
142,71
143,76
144,20
145,90
146,29
147,147
148,35
149,49
150,114
151,112
152,55
153,39
154,36
155,128
156,68
157,122
158,12
159,22
160,32
161,115
162,98
163,116
164,119
165,152
166,48
167,88
168,104
