1,11
2,68
3,63
4,61
5,147
6,26
7,139
8,43
9,132
10,54
11,29
12,57
13,149
14,127
15,27
16,161
17,62
18,140
19,40
20,30
21,70
22,74
23,24
24,33
25,157
26,19
27,155
28,126
29,115
30,25
31,66
32,125
33,10
34,38
35,58
36,138
37,12
38,164
39,156
40,153
41,51
42,36
43,166
44,108
45,113
46,84
47,159
48,20
49,102
50,82
51,97
52,163
53,148
54,136
55,94
56,23
57,59
58,103
59,8
60,86
61,152
62,124
63,168
64,71
65,79
66,31
67,56
68,118
69,14
70,167
71,1
72,85
73,42
74,35
75,101
76,135
77,141
78,120
79,7
80,134
81,18
82,151
83,67
84,64
85,3
86,49
87,60
88,45
89,44
90,16
91,146
92,13
93,32
94,98
95,96
96,116
97,114
98,80
99,4
100,106
101,81
102,117
103,22
104,112
105,145
106,158
107,105
108,160
109,37
110,46
111,95
112,137
113,111
114,6
115,17
116,128
117,154
118,83
119,53
120,123
121,109
122,21
123,133
124,89
125,9
126,165
127,15
128,52
129,77
130,88
131,107
132,131
133,65
134,50
135,78
136,41
137,2
138,28
139,142
140,75
141,69
142,143
143,39
144,162
145,104
146,110
147,99
148,5
149,100
150,130
151,73
152,122
153,91
154,150
155,55
156,92
157,90
158,87
159,144
160,76
161,34
162,48
163,121
164,119
165,47
166,129
167,93
168,72
