1,39
2,115
3,130
4,1
5,68
6,168
7,42
8,91
9,20
10,7
11,126
12,67
13,88
14,114
15,87
16,162
17,65
18,151
19,98
20,99
21,125
22,58
23,148
24,85
25,144
26,10
27,31
28,18
29,165
30,149
31,61
32,96
33,52
34,63
35,136
36,53
37,57
38,139
39,133
40,62
41,37
42,167
43,56
44,40
45,159
46,45
47,69
48,153
49,81
50,66
51,146
52,5
53,19
54,29
55,157
56,154
57,127
58,152
59,124
60,73
61,26
62,122
63,70
64,117
65,103
66,30
67,84
68,13
69,105
70,28
71,64
72,108
73,95
74,97
75,34
76,24
77,147
78,44
79,76
80,112
81,25
82,137
83,47
84,78
85,14
86,101
87,41
88,128
89,51
90,22
91,12
92,59
93,161
94,155
95,82
96,102
97,3
98,43
99,163
100,145
101,11
102,71
103,118
104,74
105,156
106,143
107,9
108,150
109,72
110,79
111,6
112,35
113,80
114,15
115,131
116,107
117,92
118,86
119,121
120,32
121,77
122,141
123,4
124,111
125,129
126,75
127,90
128,119
129,46
130,142
131,33
132,123
133,2
134,83
135,106
136,110
137,55
138,113
139,48
140,135
141,16
142,138
143,116
144,38
145,140
146,36
147,21
148,89
149,166
150,50
151,120
152,132
153,158
154,160
155,49
156,54
157,93
158,8
159,104
160,60
161,100
162,164
163,109
164,23
165,134
166,94
167,17
168,27
