1,136
2,166
3,154
4,56
5,20
6,108
7,74
8,98
9,116
10,63
11,141
12,82
13,22
14,96
15,137
16,100
17,143
18,158
19,17
20,5
21,127
22,64
23,114
24,71
25,34
26,155
27,134
28,160
29,124
30,102
31,91
32,67
33,95
34,86
35,106
36,31
37,38
38,75
39,167
40,118
41,7
42,57
43,126
44,69
45,18
46,146
47,83
48,123
49,68
50,55
51,1
52,164
53,130
54,150
55,120
56,2
57,99
58,138
59,165
60,156
61,92
62,163
63,58
64,97
65,128
66,152
67,44
68,148
69,32
70,25
71,54
72,36
73,101
74,159
75,89
76,45
77,48
78,129
79,51
80,73
81,117
82,65
83,19
84,107
85,104
86,41
87,37
88,79
89,40
90,46
91,139
92,4
93,8
94,42
95,131
96,24
97,112
98,23
99,12
100,13
101,11
102,94
103,43
104,16
105,93
106,33
107,78
108,147
109,29
110,6
111,53
112,161
113,59
114,149
115,122
116,162
117,28
118,140
119,47
120,3
121,72
122,113
123,110
124,133
125,145
126,35
127,15
128,14
129,132
130,105
131,151
132,76
133,30
134,87
135,77
136,153
137,21
138,81
139,61
140,10
141,109
142,84
143,66
144,88
145,115
146,49
147,111
148,39
149,80
150,70
151,62
152,135
153,168
154,50
155,125
156,60
157,26
158,144
159,9
160,119
161,157
162,90
163,85
164,121
165,103
166,27
167,52
168,142
