1,89
2,153
3,156
4,58
5,5
6,19
7,110
8,150
9,3
10,140
11,67
12,134
13,47
14,139
15,44
16,7
17,34
18,6
19,39
20,79
21,76
22,18
23,8
24,52
25,87
26,57
27,130
28,131
29,78
30,117
31,145
32,148
33,16
34,26
35,155
36,104
37,51
38,55
39,111
40,166
41,14
42,154
43,21
44,126
45,83
46,107
47,32
48,80
49,81
50,30
51,125
52,28
53,108
54,158
55,4
56,71
57,61
58,12
59,38
60,84
61,157
62,90
63,99
64,65
65,161
66,82
67,101
68,114
69,168
70,152
71,118
72,56
73,62
74,141
75,163
76,37
77,98
78,2
79,142
80,162
81,100
82,133
83,49
84,46
85,64
86,128
87,93
88,27
89,149
90,70
91,144
92,109
93,160
94,54
95,106
96,103
97,85
98,41
99,121
100,167
101,136
102,33
103,143
104,72
105,9
106,147
107,24
108,135
109,94
110,48
111,164
112,74
113,112
114,63
115,132
116,25
117,96
118,119
119,11
120,29
121,165
122,50
123,88
124,127
125,1
126,13
127,45
128,40
129,115
130,102
131,116
132,42
133,91
134,113
135,22
136,17
137,123
138,124
139,75
140,92
141,120
142,69
143,53
144,10
145,105
146,97
147,68
148,31
149,23
150,129
151,151
152,86
153,43
154,36
155,159
156,15
157,138
158,137
159,122
160,77
161,20
162,95
163,146
164,73
165,66
166,35
167,59
168,60
