1,103
2,36
3,35
4,109
5,94
6,39
7,130
8,119
9,21
10,57
11,102
12,56
13,26
14,78
15,6
16,4
17,115
18,76
19,112
20,125
21,92
22,18
23,104
24,145
25,59
26,10
27,30
28,52
29,24
30,80
31,142
32,152
33,47
34,148
35,117
36,133
37,83
38,66
39,15
40,25
41,118
42,155
43,93
44,8
45,3
46,120
47,146
48,1
49,89
50,106
51,113
52,32
53,161
54,46
55,132
56,99
57,68
58,79
59,153
60,63
61,29
62,165
63,2
64,86
65,20
66,53
67,147
68,87
69,62
70,95
71,126
72,141
73,40
74,84
75,143
76,12
77,98
78,116
79,9
80,134
81,16
82,58
83,51
84,124
85,75
86,60
87,168
88,151
89,54
90,121
91,73
92,100
93,50
94,88
95,96
96,127
97,111
98,41
99,37
100,107
101,136
102,13
103,31
104,123
105,77
106,27
107,162
108,69
109,49
110,61
111,43
112,7
113,74
114,48
115,28
116,150
117,166
118,65
119,72
120,140
121,149
122,19
123,156
124,85
125,167
126,105
127,160
128,82
129,138
130,101
131,135
132,129
133,5
134,137
135,17
136,164
137,67
138,139
139,11
140,38
141,42
142,122
143,22
144,131
145,114
146,158
147,70
148,97
149,90
150,154
151,71
152,128
153,55
154,44
155,33
156,144
157,64
158,108
159,157
160,23
161,91
162,159
163,34
164,14
165,163
166,81
167,110
168,45
