1,38
2,143
3,82
4,76
5,164
6,117
7,91
8,133
9,29
10,32
11,97
12,120
13,104
14,130
15,26
16,19
17,140
18,111
19,156
20,44
21,39
22,102
23,28
24,145
25,115
26,42
27,41
28,52
29,3
30,72
31,18
32,100
33,146
34,163
35,165
36,51
37,69
38,155
39,148
40,34
41,25
42,63
43,43
44,14
45,61
46,8
47,11
48,68
49,62
50,31
51,13
52,36
53,94
54,101
55,27
56,58
57,60
58,122
59,90
60,54
61,141
62,157
63,78
64,30
65,48
66,166
67,73
68,151
69,47
70,127
71,71
72,142
73,85
74,5
75,6
76,45
77,95
78,93
79,147
80,118
81,119
82,99
83,152
84,128
85,112
86,162
87,40
88,79
89,98
90,16
91,22
92,23
93,86
94,108
95,123
96,87
97,77
98,1
99,125
100,37
101,144
102,160
103,65
104,161
105,15
106,159
107,150
108,103
109,134
110,129
111,46
112,137
113,83
114,33
115,106
116,139
117,80
118,12
119,136
120,89
121,56
122,2
123,138
124,66
125,53
126,64
127,67
128,154
129,121
130,10
131,124
132,24
133,116
134,49
135,92
136,158
137,107
138,149
139,81
140,21
141,110
142,9
143,74
144,135
145,59
146,96
147,88
148,50
149,167
150,114
151,57
152,132
153,17
154,153
155,105
156,20
157,4
158,109
159,113
160,168
161,84
162,55
163,126
164,75
165,70
166,131
167,35
168,7
