1,12
2,137
3,59
4,67
5,38
6,168
7,39
8,34
9,17
10,30
11,128
12,118
13,72
14,148
15,54
16,100
17,155
18,64
19,146
20,108
21,149
22,131
23,105
24,18
25,79
26,96
27,70
28,152
29,114
30,78
31,77
32,163
33,7
34,23
35,111
36,156
37,110
38,107
39,68
40,9
41,112
42,58
43,36
44,98
45,139
46,13
47,129
48,120
49,20
50,104
51,151
52,29
53,8
54,5
55,138
56,140
57,95
58,43
59,26
60,133
61,115
62,76
63,113
64,135
65,52
66,106
67,102
68,53
69,162
70,46
71,157
72,33
73,164
74,27
75,2
76,126
77,51
78,40
79,65
80,49
81,93
82,4
83,123
84,10
85,21
86,124
87,89
88,81
89,130
90,45
91,56
92,62
93,91
94,28
95,109
96,50
97,153
98,74
99,57
100,142
101,3
102,66
103,15
104,47
105,73
106,158
107,141
108,11
109,125
110,84
111,86
112,63
113,44
114,71
115,19
116,101
117,42
118,55
119,103
120,136
121,41
122,87
123,99
124,165
125,14
126,122
127,90
128,37
129,134
130,121
131,35
132,143
133,167
134,161
135,25
136,82
137,160
138,159
139,150
140,147
141,1
142,75
143,83
144,6
145,144
146,48
147,97
148,116
149,32
150,154
151,22
152,16
153,69
154,80
155,61
156,92
157,24
158,166
159,132
160,31
161,145
162,85
163,88
164,117
165,94
166,127
167,119
168,60
