1,55
2,124
3,63
4,110
5,83
6,98
7,12
8,26
9,127
10,132
11,161
12,156
13,120
14,105
15,40
16,115
17,140
18,107
19,134
20,88
21,17
22,104
23,91
24,117
25,6
26,149
27,144
28,49
29,89
30,61
31,79
32,164
33,28
34,159
35,27
36,8
37,168
38,13
39,62
40,130
41,65
42,44
43,157
44,19
45,60
46,3
47,97
48,143
49,50
50,30
51,129
52,7
53,34
54,39
55,84
56,158
57,73
58,18
59,54
60,45
61,109
62,57
63,163
64,4
65,23
66,142
67,11
68,136
69,25
70,29
71,64
72,78
73,14
74,101
75,125
76,133
77,41
78,74
79,52
80,114
81,106
82,118
83,111
84,32
85,103
86,77
87,165
88,141
89,43
90,139
91,92
92,51
93,150
94,71
95,148
96,102
97,69
98,46
99,116
100,96
101,167
102,20
103,135
104,42
105,56
106,21
107,152
108,160
109,121
110,151
111,108
112,35
113,146
114,119
115,37
116,94
117,80
118,100
119,85
120,82
121,33
122,48
123,122
124,137
125,2
126,128
127,16
128,70
129,10
130,72
131,162
132,153
133,138
134,9
135,66
136,166
137,75
138,126
139,113
140,67
141,90
142,131
143,76
144,93
145,145
146,22
147,68
148,58
149,47
150,53
151,24
152,38
153,154
154,112
155,147
156,99
157,81
158,95
159,87
160,155
161,31
162,123
163,36
164,59
165,15
166,1
167,86
168,5
