1,60
2,47
3,44
4,97
5,9
6,72
7,96
8,120
9,92
10,17
11,148
12,121
13,162
14,46
15,11
16,114
17,156
18,33
19,45
20,168
21,149
22,158
23,40
24,142
25,130
26,83
27,164
28,24
29,63
30,101
31,93
32,28
33,87
34,35
35,15
36,167
37,84
38,107
39,166
40,30
41,108
42,118
43,134
44,34
45,104
46,112
47,110
48,123
49,81
50,154
51,29
52,111
53,51
54,143
55,21
56,37
57,53
58,122
59,2
60,136
61,62
62,116
63,79
64,22
65,137
66,126
67,25
68,103
69,86
70,105
71,78
72,41
73,5
74,7
75,57
76,43
77,16
78,31
79,69
80,151
81,59
82,19
83,141
84,160
85,99
86,1
87,80
88,49
89,36
90,74
91,12
92,117
93,6
94,32
95,77
96,155
97,113
98,133
99,67
100,20
101,27
102,38
103,125
104,127
105,18
106,124
107,13
108,61
109,129
110,95
111,109
112,135
113,159
114,54
115,147
116,115
117,89
118,165
119,3
120,119
121,146
122,50
123,128
124,65
125,4
126,42
127,132
128,98
129,58
130,48
131,90
132,145
133,91
134,161
135,10
136,68
137,150
138,82
139,26
140,85
141,76
142,139
143,152
144,23
145,94
146,100
147,70
148,73
149,8
150,163
151,88
152,106
153,71
154,140
155,52
156,66
157,75
158,157
159,138
160,39
161,144
162,55
163,56
164,102
165,153
166,131
167,14
168,64
