1,102
2,15
3,133
4,50
5,96
6,1
7,126
8,3
9,74
10,98
11,59
12,63
13,122
14,11
15,90
16,45
17,158
18,42
19,55
20,7
21,130
22,5
23,145
24,43
25,19
26,91
27,36
28,163
29,112
30,161
31,116
32,68
33,33
34,106
35,142
36,40
37,146
38,27
39,162
40,62
41,75
42,44
43,149
44,128
45,144
46,28
47,39
48,155
49,58
50,103
51,168
52,153
53,118
54,56
55,111
56,51
57,119
58,21
59,61
60,71
61,8
62,151
63,18
64,156
65,85
66,164
67,154
68,26
69,157
70,57
71,88
72,109
73,89
74,159
75,101
76,165
77,53
78,93
79,37
80,121
81,132
82,129
83,54
84,115
85,32
86,95
87,160
88,4
89,99
90,72
91,35
92,113
93,107
94,125
95,64
96,137
97,25
98,167
99,29
100,92
101,80
102,70
103,86
104,136
105,34
106,49
107,23
108,67
109,94
110,79
111,135
112,123
113,117
114,81
115,31
116,60
117,38
118,47
119,147
120,141
121,108
122,84
123,140
124,48
125,166
126,100
127,24
128,105
129,139
130,20
131,17
132,152
133,76
134,13
135,110
136,16
137,6
138,14
139,114
140,77
141,131
142,69
143,124
144,12
145,134
146,22
147,2
148,83
149,10
150,46
151,30
152,41
153,148
154,87
155,138
156,78
157,120
158,82
159,52
160,127
161,97
162,143
163,104
164,66
165,73
166,9
167,65
168,150
