1,2
2,32
3,65
4,144
5,77
6,54
7,5
8,141
9,145
10,28
11,107
12,154
13,94
14,164
15,76
16,105
17,57
18,137
19,18
20,87
21,40
22,81
23,48
24,132
25,163
26,104
27,153
28,6
29,1
30,166
31,160
32,7
33,150
34,67
35,88
36,14
37,19
38,39
39,151
40,155
41,21
42,158
43,80
44,11
45,61
46,123
47,92
48,85
49,89
50,17
51,26
52,128
53,148
54,78
55,146
56,109
57,50
58,36
59,75
60,8
61,52
62,100
63,134
64,95
65,3
66,129
67,101
68,162
69,97
70,125
71,126
72,127
73,118
74,64
75,167
76,113
77,34
78,84
79,53
80,31
81,38
82,41
83,74
84,12
85,20
86,82
87,9
88,159
89,79
90,70
91,37
92,22
93,60
94,73
95,42
96,136
97,72
98,30
99,102
100,15
101,68
102,33
103,135
104,25
105,117
106,140
107,143
108,55
109,91
110,29
111,122
112,24
113,111
114,58
115,131
116,45
117,13
118,83
119,138
120,161
121,86
122,35
123,130
124,108
125,120
126,114
127,121
128,165
129,119
130,157
131,27
132,10
133,90
134,16
135,103
136,116
137,115
138,124
139,23
140,98
141,59
142,62
143,139
144,66
145,56
146,149
147,99
148,142
149,168
150,46
151,47
152,51
153,63
154,44
155,49
156,110
157,96
158,147
159,4
160,106
161,69
162,156
163,71
164,112
165,133
166,43
167,93
168,152
