1,21
2,135
3,5
4,148
5,157
6,40
7,120
8,52
9,150
10,54
11,37
12,158
13,79
14,146
15,111
16,58
17,76
18,160
19,137
20,122
21,55
22,94
23,33
24,96
25,97
26,3
27,51
28,140
29,1
30,61
31,13
32,35
33,69
34,10
35,12
36,86
37,116
38,83
39,152
40,113
41,42
42,20
43,53
44,144
45,14
46,115
47,93
48,45
49,41
50,126
51,47
52,44
53,154
54,125
55,15
56,103
57,81
58,117
59,26
60,95
61,8
62,105
63,138
64,18
65,28
66,88
67,161
68,75
69,110
70,164
71,89
72,57
73,62
74,24
75,43
76,136
77,70
78,11
79,16
80,59
81,32
82,64
83,167
84,78
85,84
86,65
87,85
88,80
89,46
90,166
91,130
92,31
93,38
94,123
95,39
96,7
97,100
98,68
99,101
100,9
101,82
102,121
103,90
104,67
105,132
106,114
107,147
108,112
109,118
110,74
111,77
112,165
113,23
114,92
115,102
116,34
117,149
118,162
119,29
120,145
121,107
122,108
123,106
124,163
125,129
126,17
127,134
128,71
129,142
130,50
131,104
132,168
133,128
134,119
135,98
136,109
137,56
138,91
139,139
140,87
141,49
142,159
143,153
144,141
145,124
146,127
147,22
148,133
149,2
150,4
151,156
152,60
153,30
154,143
155,131
156,155
157,66
158,48
159,19
160,151
161,63
162,25
163,6
164,99
165,27
166,73
167,72
168,36
