1,82
2,11
3,69
4,146
5,90
6,124
7,7
8,92
9,118
10,111
11,155
12,84
13,135
14,151
15,35
16,26
17,2
18,152
19,163
20,137
21,119
22,98
23,88
24,46
25,18
26,160
27,95
28,67
29,101
30,56
31,15
32,31
33,134
34,133
35,63
36,47
37,3
38,81
39,61
40,24
41,132
42,71
43,14
44,114
45,32
46,43
47,85
48,161
49,23
50,48
51,109
52,12
53,28
54,123
55,73
56,52
57,79
58,104
59,65
60,148
61,121
62,89
63,60
64,49
65,125
66,168
67,91
68,72
69,66
70,127
71,83
72,33
73,149
74,10
75,126
76,147
77,87
78,153
79,99
80,59
81,38
82,54
83,108
84,40
85,143
86,144
87,50
88,75
89,34
90,120
91,42
92,165
93,96
94,77
95,9
96,4
97,70
98,51
99,74
100,115
101,76
102,129
103,167
104,110
105,130
106,150
107,97
108,1
109,30
110,78
111,6
112,139
113,162
114,5
115,106
116,145
117,140
118,94
119,20
120,55
121,64
122,68
123,102
124,13
125,86
126,16
127,157
128,17
129,138
130,58
131,22
132,159
133,36
134,164
135,19
136,39
137,8
138,25
139,53
140,128
141,21
142,154
143,141
144,57
145,41
146,105
147,29
148,107
149,112
150,166
151,156
152,122
153,142
154,100
155,37
156,80
157,158
158,62
159,113
160,117
161,45
162,136
163,44
164,93
165,116
166,103
167,27
168,131
