1,21
2,82
3,90
4,45
5,140
6,70
7,151
8,92
9,75
10,44
11,9
12,71
13,128
14,100
15,69
16,58
17,56
18,7
19,99
20,48
21,93
22,114
23,136
24,66
25,158
26,73
27,153
28,162
29,112
30,146
31,148
32,15
33,152
34,108
35,105
36,91
37,127
38,63
39,102
40,135
41,154
42,23
43,31
44,79
45,101
46,110
47,3
48,142
49,20
50,19
51,139
52,159
53,54
54,130
55,150
56,147
57,125
58,126
59,145
60,163
61,95
62,51
63,42
64,1
65,4
66,81
67,85
68,109
69,27
70,61
71,96
72,72
73,49
74,37
75,131
76,2
77,30
78,97
79,117
80,87
81,143
82,25
83,167
84,39
85,60
86,124
87,89
88,113
89,16
90,74
91,107
92,24
93,17
94,46
95,47
96,106
97,35
98,29
99,76
100,62
101,155
102,98
103,141
104,138
105,164
106,67
107,156
108,12
109,120
110,165
111,83
112,65
113,22
114,11
115,157
116,52
117,144
118,55
119,68
120,78
121,43
122,8
123,118
124,64
125,80
126,121
127,18
128,77
129,166
130,115
131,40
132,13
133,133
134,84
135,86
136,88
137,57
138,104
139,59
140,149
141,119
142,129
143,116
144,36
145,6
146,122
147,161
148,123
149,168
150,5
151,26
152,38
153,41
154,10
155,53
156,132
157,111
158,94
159,134
160,14
161,33
162,32
163,34
164,103
165,160
166,28
167,50
168,137
