1,158
2,53
3,81
4,165
5,142
6,166
7,83
8,109
9,94
10,57
11,131
12,73
13,75
14,14
15,100
16,153
17,140
18,135
19,4
20,74
21,22
22,138
23,46
24,113
25,45
26,30
27,51
28,160
29,62
30,8
31,50
32,146
33,127
34,86
35,115
36,103
37,97
38,91
39,5
40,39
41,106
42,48
43,63
44,154
45,42
46,15
47,162
48,79
49,52
50,33
51,96
52,12
53,152
54,90
55,28
56,93
57,89
58,105
59,159
60,10
61,104
62,56
63,47
64,112
65,145
66,24
67,27
68,64
69,84
70,37
71,59
72,139
73,111
74,18
75,29
76,108
77,6
78,35
79,151
80,125
81,102
82,76
83,88
84,141
85,23
86,65
87,61
88,99
89,136
90,7
91,80
92,11
93,55
94,85
95,101
96,78
97,143
98,167
99,114
100,44
101,124
102,123
103,144
104,19
105,147
106,82
107,70
108,43
109,134
110,117
111,66
112,20
113,155
114,71
115,121
116,119
117,156
118,130
119,118
120,110
121,69
122,38
123,54
124,107
125,148
126,58
127,126
128,25
129,95
130,120
131,168
132,116
133,16
134,77
135,98
136,3
137,67
138,163
139,161
140,21
141,32
142,31
143,132
144,34
145,41
146,164
147,149
148,9
149,87
150,36
151,92
152,129
153,137
154,133
155,150
156,17
157,157
158,72
159,13
160,2
161,26
162,122
163,1
164,49
165,68
166,128
167,60
168,40
