1,138
2,102
3,158
4,150
5,29
6,74
7,83
8,135
9,97
10,43
11,159
12,144
13,58
14,93
15,113
16,120
17,70
18,149
19,107
20,79
21,41
22,66
23,55
24,103
25,84
26,163
27,151
28,69
29,123
30,14
31,92
32,31
33,12
34,15
35,46
36,49
37,51
38,21
39,22
40,147
41,76
42,24
43,94
44,2
45,44
46,50
47,17
48,95
49,130
50,101
51,80
52,105
53,114
54,72
55,47
56,65
57,161
58,77
59,133
60,48
61,89
62,9
63,98
64,25
65,126
66,75
67,38
68,96
69,106
70,59
71,20
72,34
73,67
74,27
75,4
76,30
77,40
78,132
79,160
80,156
81,154
82,7
83,129
84,35
85,57
86,137
87,91
88,56
89,153
90,33
91,136
92,3
93,37
94,109
95,146
96,141
97,127
98,118
99,18
100,81
101,45
102,26
103,19
104,39
105,88
106,5
107,167
108,117
109,54
110,145
111,108
112,52
113,148
114,61
115,164
116,128
117,131
118,157
119,122
120,6
121,140
122,139
123,162
124,62
125,125
126,64
127,71
128,90
129,78
130,142
131,13
132,85
133,87
134,166
135,28
136,86
137,23
138,68
139,82
140,115
141,121
142,152
143,119
144,110
145,112
146,134
147,10
148,104
149,99
150,165
151,100
152,111
153,53
154,63
155,42
156,73
157,124
158,60
159,116
160,11
161,168
162,16
163,36
164,143
165,8
166,155
167,1
168,32
