1,45
2,103
3,150
4,87
5,118
6,43
7,112
8,58
9,10
10,54
11,61
12,133
13,120
14,111
15,73
16,94
17,74
18,140
19,113
20,151
21,51
22,11
23,1
24,148
25,102
26,8
27,18
28,33
29,135
30,162
31,107
32,7
33,60
34,147
35,97
36,42
37,141
38,44
39,139
40,84
41,153
42,71
43,16
44,134
45,101
46,161
47,49
48,125
49,39
50,26
51,67
52,75
53,129
54,117
55,119
56,115
57,14
58,99
59,59
60,72
61,105
62,106
63,32
64,31
65,55
66,15
67,46
68,2
69,77
70,163
71,52
72,83
73,127
74,65
75,37
76,79
77,70
78,155
79,4
80,131
81,128
82,121
83,109
84,57
85,156
86,63
87,122
88,89
89,126
90,152
91,47
92,108
93,81
94,20
95,34
96,13
97,19
98,64
99,35
100,166
101,158
102,25
103,9
104,96
105,21
106,110
107,165
108,143
109,66
110,95
111,154
112,146
113,80
114,85
115,137
116,41
117,114
118,91
119,62
120,78
121,28
122,157
123,132
124,88
125,130
126,160
127,144
128,3
129,53
130,23
131,82
132,24
133,104
134,22
135,124
136,50
137,92
138,93
139,69
140,27
141,159
142,116
143,6
144,48
145,90
146,68
147,100
148,149
149,123
150,168
151,136
152,5
153,36
154,98
155,76
156,30
157,142
158,86
159,164
160,40
161,12
162,56
163,38
164,145
165,29
166,138
167,167
168,17
