1,95
2,43
3,19
4,122
5,65
6,141
7,124
8,109
9,158
10,96
11,117
12,135
13,66
14,82
15,80
16,17
17,6
18,105
19,38
20,47
21,27
22,62
23,120
24,132
25,12
26,140
27,35
28,67
29,106
30,164
31,13
32,41
33,14
34,21
35,163
36,11
37,78
38,69
39,20
40,39
41,8
42,103
43,154
44,33
45,73
46,133
47,166
48,90
49,94
50,53
51,162
52,56
53,59
54,118
55,93
56,10
57,147
58,148
59,139
60,76
61,22
62,130
63,125
64,18
65,151
66,123
67,58
68,89
69,61
70,70
71,72
72,40
73,119
74,102
75,26
76,4
77,42
78,128
79,75
80,92
81,112
82,111
83,68
84,16
85,5
86,52
87,32
88,116
89,29
90,46
91,55
92,134
93,28
94,137
95,152
96,2
97,83
98,131
99,127
100,108
101,23
102,9
103,88
104,156
105,84
106,37
107,144
108,36
109,168
110,113
111,150
112,100
113,138
114,3
115,149
116,64
117,48
118,87
119,85
120,79
121,1
122,136
123,110
124,101
125,99
126,126
127,115
128,24
129,98
130,71
131,114
132,57
133,159
134,160
135,161
136,91
137,167
138,129
139,104
140,107
141,7
142,51
143,45
144,15
145,77
146,157
147,121
148,146
149,44
150,145
151,30
152,155
153,63
154,25
155,54
156,50
157,143
158,49
159,60
160,74
161,81
162,153
163,31
164,86
165,34
166,142
167,97
168,165
