1,38
2,87
3,31
4,3
5,152
6,113
7,41
8,117
9,39
10,67
11,53
12,72
13,8
14,33
15,97
16,64
17,133
18,139
19,68
20,96
21,140
22,162
23,124
24,86
25,4
26,94
27,48
28,135
29,78
30,13
31,76
32,54
33,91
34,43
35,120
36,168
37,35
38,121
39,128
40,45
41,147
42,46
43,163
44,165
45,12
46,146
47,160
48,161
49,109
50,58
51,16
52,144
53,85
54,137
55,130
56,115
57,118
58,32
59,70
60,34
61,42
62,150
63,1
64,116
65,75
66,101
67,61
68,22
69,114
70,73
71,5
72,20
73,52
74,159
75,60
76,153
77,36
78,83
79,158
80,145
81,141
82,112
83,7
84,62
85,57
86,2
87,108
88,56
89,148
90,66
91,157
92,23
93,14
94,74
95,9
96,15
97,142
98,136
99,50
100,81
101,143
102,138
103,102
104,10
105,26
106,106
107,122
108,149
109,84
110,25
111,89
112,30
113,95
114,164
115,123
116,98
117,17
118,155
119,21
120,151
121,55
122,100
123,90
124,92
125,65
126,79
127,51
128,132
129,166
130,154
131,27
132,103
133,126
134,104
135,93
136,88
137,69
138,28
139,29
140,71
141,127
142,131
143,6
144,105
145,11
146,63
147,129
148,19
149,134
150,119
151,167
152,37
153,77
154,40
155,110
156,107
157,44
158,24
159,111
160,99
161,59
162,82
163,125
164,80
165,49
166,18
167,156
168,47
