1,2
2,131
3,73
4,12
5,76
6,121
7,125
8,11
9,166
10,10
11,128
12,23
13,97
14,69
15,115
16,36
17,1
18,34
19,9
20,100
21,148
22,91
23,25
24,39
25,4
26,14
27,130
28,152
29,138
30,92
31,62
32,164
33,151
34,135
35,99
36,68
37,78
38,93
39,89
40,116
41,114
42,111
43,16
44,134
45,28
46,6
47,86
48,77
49,81
50,161
51,145
52,105
53,41
54,83
55,54
56,133
57,44
58,108
59,59
60,98
61,101
62,42
63,31
64,119
65,20
66,147
67,123
68,63
69,22
70,82
71,35
72,33
73,143
74,156
75,150
76,159
77,124
78,71
79,112
80,106
81,32
82,140
83,160
84,122
85,137
86,40
87,146
88,103
89,3
90,43
91,167
92,79
93,24
94,64
95,67
96,144
97,95
98,27
99,162
100,118
101,102
102,52
103,163
104,26
105,126
106,74
107,107
108,109
109,38
110,127
111,30
112,153
113,132
114,19
115,94
116,46
117,154
118,57
119,70
120,29
121,120
122,37
123,129
124,96
125,60
126,139
127,48
128,49
129,15
130,5
131,7
132,8
133,56
134,104
135,87
136,165
137,110
138,17
139,141
140,53
141,51
142,117
143,158
144,113
145,72
146,55
147,136
148,155
149,66
150,90
151,75
152,58
153,13
154,142
155,61
156,157
157,84
158,45
159,80
160,21
161,65
162,50
163,47
164,18
165,85
166,149
167,88
168,168
