1,126
2,98
3,90
4,104
5,30
6,6
7,119
8,5
9,167
10,46
11,49
12,93
13,26
14,158
15,124
16,128
17,31
18,33
19,100
20,19
21,156
22,122
23,163
24,148
25,69
26,40
27,65
28,120
29,52
30,58
31,129
32,118
33,151
34,166
35,153
36,103
37,168
38,38
39,11
40,155
41,60
42,18
43,82
44,73
45,138
46,121
47,92
48,39
49,145
50,21
51,116
52,70
53,113
54,123
55,66
56,7
57,28
58,56
59,112
60,74
61,3
62,14
63,157
64,88
65,43
66,35
67,80
68,48
69,8
70,15
71,125
72,111
73,78
74,91
75,106
76,42
77,102
78,51
79,63
80,89
81,79
82,12
83,143
84,135
85,142
86,81
87,41
88,147
89,9
90,62
91,86
92,16
93,27
94,134
95,10
96,36
97,17
98,45
99,94
100,165
101,137
102,53
103,140
104,84
105,160
106,105
107,50
108,64
109,4
110,13
111,161
112,108
113,34
114,54
115,1
116,130
117,159
118,144
119,96
120,20
121,85
122,57
123,99
124,77
125,110
126,55
127,117
128,37
129,72
130,95
131,76
132,47
133,107
134,44
135,24
136,25
137,136
138,146
139,29
140,132
141,164
142,133
143,87
144,162
145,71
146,150
147,139
148,154
149,109
150,22
151,32
152,131
153,75
154,23
155,59
156,2
157,101
158,114
159,149
160,141
161,83
162,152
163,68
164,115
165,61
166,127
167,97
168,67
