1,116
2,112
3,85
4,143
5,55
6,8
7,20
8,58
9,79
10,5
11,148
12,48
13,39
14,89
15,130
16,157
17,129
18,22
19,66
20,62
21,25
22,74
23,36
24,44
25,81
26,124
27,9
28,114
29,101
30,106
31,95
32,64
33,161
34,67
35,54
36,15
37,125
38,23
39,110
40,13
41,59
42,159
43,32
44,115
45,132
46,11
47,117
48,162
49,51
50,31
51,40
52,1
53,133
54,2
55,153
56,140
57,138
58,149
59,77
60,69
61,33
62,21
63,75
64,164
65,127
66,150
67,103
68,154
69,73
70,19
71,156
72,126
73,100
74,105
75,168
76,102
77,136
78,139
79,4
80,83
81,107
82,120
83,10
84,84
85,131
86,78
87,46
88,160
89,165
90,41
91,163
92,141
93,49
94,142
95,93
96,71
97,35
98,12
99,144
100,87
101,97
102,147
103,80
104,111
105,45
106,151
107,56
108,118
109,145
110,50
111,60
112,86
113,166
114,17
115,53
116,146
117,30
118,52
119,82
120,91
121,109
122,88
123,18
124,167
125,94
126,27
127,121
128,68
129,90
130,128
131,63
132,113
133,104
134,76
135,28
136,96
137,134
138,123
139,37
140,152
141,57
142,47
143,7
144,98
145,155
146,158
147,108
148,42
149,70
150,24
151,34
152,65
153,61
154,29
155,92
156,14
157,6
158,137
159,122
160,99
161,43
162,3
163,16
164,26
165,72
166,135
167,119
168,38
