1,30
2,89
3,135
4,57
5,32
6,65
7,161
8,91
9,15
10,125
11,154
12,64
13,88
14,132
15,142
16,33
17,155
18,55
19,117
20,128
21,9
22,124
23,78
24,114
25,58
26,48
27,56
28,95
29,76
30,37
31,164
32,73
33,29
34,147
35,92
36,53
37,119
38,35
39,97
40,129
41,6
42,139
43,107
44,122
45,111
46,62
47,74
48,36
49,165
50,7
51,123
52,3
53,121
54,41
55,160
56,115
57,11
58,94
59,49
60,133
61,86
62,138
63,112
64,14
65,140
66,79
67,127
68,2
69,159
70,126
71,45
72,131
73,162
74,116
75,42
76,70
77,50
78,72
79,77
80,134
81,12
82,166
83,118
84,25
85,149
86,157
87,80
88,67
89,75
90,130
91,150
92,137
93,54
94,136
95,109
96,26
97,34
98,8
99,144
100,100
101,141
102,158
103,156
104,110
105,21
106,23
107,52
108,84
109,102
110,106
111,90
112,24
113,19
114,113
115,27
116,85
117,71
118,1
119,51
120,143
121,103
122,93
123,17
124,98
125,168
126,153
127,46
128,38
129,44
130,99
131,5
132,145
133,101
134,69
135,40
136,63
137,83
138,13
139,108
140,18
141,60
142,148
143,22
144,120
145,59
146,82
147,43
148,104
149,152
150,66
151,146
152,96
153,10
154,87
155,167
156,163
157,47
158,4
159,16
160,68
161,28
162,31
163,105
164,151
165,81
166,20
167,39
168,61
