1,2
2,152
3,94
4,56
5,30
6,116
7,136
8,135
9,141
10,118
11,68
12,106
13,144
14,109
15,60
16,18
17,50
18,81
19,97
20,101
21,1
22,121
23,86
24,51
25,88
26,146
27,3
28,114
29,98
30,22
31,85
32,15
33,21
34,112
35,82
36,166
37,45
38,123
39,65
40,139
41,122
42,89
43,39
44,148
45,74
46,168
47,150
48,40
49,96
50,133
51,103
52,73
53,4
54,104
55,110
56,75
57,154
58,162
59,10
60,134
61,17
62,99
63,41
64,13
65,107
66,14
67,69
68,52
69,43
70,142
71,124
72,157
73,143
74,55
75,125
76,44
77,161
78,27
79,26
80,5
81,19
82,160
83,126
84,32
85,120
86,61
87,105
88,31
89,149
90,64
91,128
92,153
93,70
94,23
95,7
96,28
97,36
98,91
99,115
100,57
101,59
102,25
103,158
104,16
105,58
106,92
107,90
108,38
109,34
110,113
111,108
112,33
113,164
114,12
115,87
116,159
117,47
118,11
119,163
120,127
121,53
122,155
123,72
124,54
125,49
126,137
127,35
128,93
129,129
130,77
131,167
132,66
133,145
134,95
135,165
136,20
137,80
138,140
139,79
140,6
141,102
142,131
143,42
144,67
145,111
146,156
147,62
148,132
149,63
150,117
151,130
152,71
153,78
154,9
155,37
156,76
157,100
158,147
159,151
160,48
161,29
162,83
163,138
164,84
165,119
166,24
167,46
168,8
