1,167
2,9
3,154
4,36
5,121
6,77
7,146
8,62
9,19
10,74
11,138
12,129
13,126
14,158
15,85
16,70
17,157
18,6
19,135
20,88
21,5
22,69
23,104
24,165
25,96
26,123
27,1
28,130
29,66
30,148
31,15
32,163
33,68
34,67
35,59
36,159
37,128
38,107
39,58
40,31
41,164
42,22
43,87
44,27
45,162
46,109
47,142
48,111
49,155
50,147
51,101
52,79
53,98
54,53
55,75
56,81
57,131
58,33
59,143
60,16
61,2
62,23
63,168
64,48
65,89
66,37
67,54
68,83
69,133
70,114
71,72
72,91
73,118
74,40
75,61
76,20
77,103
78,156
79,28
80,113
81,136
82,137
83,153
84,25
85,21
86,105
87,17
88,56
89,43
90,115
91,92
92,34
93,26
94,4
95,134
96,122
97,44
98,84
99,141
100,13
101,24
102,152
103,140
104,76
105,47
106,94
107,45
108,99
109,106
110,57
111,60
112,161
113,73
114,7
115,145
116,119
117,3
118,110
119,29
120,14
121,78
122,97
123,90
124,38
125,18
126,42
127,12
128,124
129,120
130,132
131,139
132,149
133,102
134,116
135,127
136,117
137,65
138,35
139,55
140,41
141,49
142,86
143,46
144,100
145,125
146,82
147,71
148,93
149,51
150,8
151,50
152,151
153,112
154,63
155,150
156,166
157,39
158,108
159,11
160,80
161,95
162,52
163,144
164,160
165,32
166,10
167,30
168,64
