1,153
2,14
3,167
4,142
5,120
6,166
7,84
8,51
9,44
10,86
11,59
12,65
13,22
14,159
15,81
16,70
17,132
18,125
19,39
20,71
21,140
22,15
23,151
24,89
25,38
26,105
27,34
28,104
29,106
30,4
31,40
32,116
33,90
34,62
35,164
36,54
37,41
38,61
39,11
40,165
41,122
42,143
43,69
44,155
45,102
46,131
47,33
48,24
49,113
50,21
51,152
52,67
53,30
54,43
55,8
56,145
57,99
58,110
59,7
60,56
61,126
62,96
63,2
64,64
65,37
66,26
67,79
68,94
69,107
70,141
71,1
72,35
73,80
74,123
75,6
76,154
77,72
78,100
79,18
80,42
81,19
82,118
83,68
84,12
85,109
86,3
87,76
88,124
89,95
90,5
91,98
92,160
93,138
94,161
95,103
96,74
97,31
98,115
99,32
100,9
101,139
102,101
103,66
104,108
105,73
106,48
107,130
108,16
109,88
110,49
111,77
112,148
113,83
114,91
115,157
116,50
117,78
118,53
119,92
120,57
121,144
122,28
123,93
124,135
125,137
126,121
127,29
128,146
129,111
130,117
131,60
132,10
133,13
134,46
135,23
136,63
137,58
138,150
139,149
140,162
141,20
142,75
143,147
144,85
145,156
146,127
147,129
148,36
149,114
150,163
151,97
152,136
153,134
154,82
155,168
156,27
157,112
158,128
159,25
160,47
161,133
162,55
163,158
164,52
165,119
166,87
167,17
168,45
