1,167
2,66
3,164
4,47
5,6
6,16
7,155
8,2
9,55
10,127
11,8
12,85
13,143
14,137
15,121
16,21
17,86
18,157
19,19
20,151
21,53
22,29
23,27
24,3
25,110
26,147
27,99
28,84
29,166
30,90
31,62
32,18
33,71
34,108
35,111
36,78
37,63
38,68
39,134
40,77
41,150
42,94
43,13
44,126
45,82
46,59
47,32
48,118
49,135
50,12
51,20
52,95
53,120
54,49
55,162
56,56
57,96
58,72
59,114
60,107
61,109
62,39
63,116
64,41
65,22
66,50
67,168
68,153
69,165
70,97
71,7
72,43
73,92
74,65
75,81
76,100
77,89
78,124
79,38
80,88
81,160
82,70
83,51
84,159
85,91
86,58
87,129
88,132
89,31
90,115
91,140
92,11
93,57
94,113
95,145
96,149
97,146
98,73
99,104
100,83
101,23
102,15
103,119
104,17
105,93
106,28
107,98
108,156
109,35
110,61
111,101
112,123
113,30
114,34
115,48
116,131
117,128
118,54
119,106
120,139
121,1
122,74
123,44
124,25
125,154
126,60
127,46
128,14
129,80
130,4
131,45
132,161
133,158
134,122
135,5
136,42
137,163
138,130
139,105
140,125
141,36
142,76
143,79
144,144
145,142
146,141
147,112
148,33
149,152
150,138
151,133
152,69
153,52
154,64
155,103
156,10
157,9
158,136
159,87
160,102
161,67
162,24
163,26
164,37
165,40
166,117
167,148
168,75
