1,56
2,31
3,160
4,105
5,13
6,121
7,17
8,69
9,81
10,154
11,30
12,133
13,44
14,67
15,120
16,122
17,27
18,96
19,3
20,117
21,100
22,55
23,152
24,61
25,125
26,15
27,129
28,132
29,123
30,74
31,11
32,114
33,97
34,63
35,141
36,5
37,83
38,103
39,153
40,128
41,10
42,60
43,159
44,84
45,142
46,101
47,35
48,28
49,20
50,70
51,124
52,112
53,127
54,76
55,131
56,52
57,88
58,47
59,1
60,33
61,2
62,106
63,24
64,166
65,92
66,147
67,12
68,110
69,93
70,85
71,57
72,151
73,77
74,135
75,14
76,34
77,36
78,164
79,107
80,18
81,168
82,23
83,16
84,45
85,72
86,42
87,116
88,118
89,6
90,91
91,137
92,134
93,39
94,50
95,130
96,148
97,113
98,41
99,86
100,4
101,9
102,139
103,163
104,59
105,99
106,32
107,38
108,29
109,26
110,95
111,89
112,126
113,51
114,19
115,162
116,111
117,167
118,58
119,98
120,115
121,46
122,8
123,21
124,143
125,109
126,71
127,65
128,79
129,43
130,140
131,108
132,7
133,37
134,82
135,87
136,90
137,66
138,149
139,40
140,157
141,145
142,53
143,49
144,25
145,144
146,48
147,150
148,78
149,102
150,104
151,161
152,54
153,80
154,73
155,75
156,146
157,62
158,136
159,94
160,22
161,68
162,119
163,158
164,64
165,165
166,156
167,155
168,138
