1,122
2,2
3,108
4,43
5,73
6,144
7,150
8,63
9,51
10,80
11,28
12,42
13,70
14,147
15,79
16,11
17,76
18,97
19,4
20,15
21,41
22,21
23,60
24,48
25,58
26,102
27,31
28,101
29,30
30,34
31,23
32,62
33,93
34,68
35,126
36,45
37,128
38,121
39,153
40,82
41,16
42,166
43,87
44,131
45,83
46,36
47,110
48,44
49,167
50,9
51,12
52,142
53,112
54,5
55,135
56,7
57,52
58,24
59,117
60,53
61,159
62,89
63,86
64,33
65,29
66,8
67,46
68,39
69,50
70,56
71,10
72,84
73,113
74,37
75,94
76,54
77,156
78,17
79,141
80,116
81,78
82,72
83,64
84,20
85,98
86,19
87,140
88,26
89,25
90,165
91,157
92,103
93,71
94,133
95,69
96,168
97,27
98,65
99,59
100,119
101,158
102,55
103,130
104,32
105,96
106,146
107,105
108,77
109,109
110,66
111,148
112,115
113,155
114,162
115,85
116,137
117,118
118,13
119,136
120,18
121,123
122,138
123,1
124,163
125,154
126,125
127,14
128,6
129,164
130,143
131,106
132,139
133,100
134,35
135,75
136,88
137,152
138,99
139,61
140,81
141,129
142,47
143,127
144,40
145,145
146,114
147,149
148,120
149,104
150,95
151,151
152,90
153,92
154,91
155,107
156,49
157,111
158,67
159,134
160,124
161,74
162,38
163,22
164,161
165,160
166,57
167,132
168,3
