1,42
2,151
3,139
4,64
5,7
6,119
7,38
8,106
9,56
10,145
11,77
12,51
13,85
14,78
15,108
16,133
17,98
18,5
19,32
20,101
21,17
22,127
23,15
24,95
25,23
26,97
27,12
28,33
29,129
30,138
31,152
32,30
33,113
34,58
35,35
36,130
37,14
38,61
39,136
40,88
41,157
42,80
43,16
44,79
45,69
46,102
47,63
48,18
49,141
50,100
51,116
52,110
53,105
54,94
55,90
56,126
57,142
58,159
59,22
60,111
61,158
62,121
63,166
64,147
65,26
66,67
67,21
68,49
69,31
70,161
71,36
72,82
73,103
74,75
75,162
76,2
77,45
78,62
79,84
80,154
81,167
82,25
83,29
84,117
85,99
86,135
87,53
88,48
89,146
90,9
91,89
92,107
93,28
94,57
95,47
96,114
97,104
98,71
99,3
100,86
101,41
102,20
103,76
104,143
105,44
106,112
107,168
108,81
109,24
110,156
111,70
112,137
113,150
114,40
115,52
116,125
117,74
118,144
119,83
120,91
121,39
122,163
123,128
124,54
125,34
126,73
127,118
128,1
129,164
130,160
131,124
132,165
133,153
134,19
135,46
136,37
137,55
138,123
139,140
140,66
141,148
142,109
143,65
144,155
145,68
146,132
147,59
148,50
149,10
150,96
151,43
152,8
153,122
154,13
155,120
156,131
157,93
158,11
159,6
160,92
161,60
162,72
163,27
164,115
165,149
166,134
167,4
168,87
