1,67
2,120
3,73
4,47
5,22
6,99
7,21
8,14
9,60
10,158
11,123
12,155
13,144
14,95
15,124
16,38
17,165
18,129
19,80
20,152
21,125
22,149
23,63
24,113
25,65
26,39
27,48
28,26
29,160
30,12
31,53
32,54
33,40
34,61
35,164
36,43
37,140
38,18
39,69
40,138
41,13
42,93
43,62
44,114
45,30
46,157
47,167
48,46
49,109
50,117
51,84
52,100
53,32
54,3
55,163
56,20
57,41
58,92
59,142
60,90
61,122
62,127
63,136
64,42
65,2
66,68
67,25
68,98
69,44
70,88
71,145
72,28
73,57
74,101
75,156
76,29
77,17
78,79
79,7
80,96
81,115
82,77
83,110
84,56
85,133
86,72
87,94
88,104
89,134
90,1
91,86
92,126
93,102
94,76
95,11
96,16
97,162
98,82
99,121
100,97
101,148
102,52
103,74
104,75
105,87
106,27
107,112
108,5
109,4
110,6
111,150
112,111
113,143
114,137
115,147
116,132
117,50
118,105
119,153
120,64
121,168
122,131
123,130
124,116
125,85
126,24
127,59
128,108
129,49
130,34
131,31
132,159
133,45
134,141
135,66
136,35
137,128
138,89
139,103
140,36
141,9
142,33
143,8
144,37
145,55
146,78
147,119
148,154
149,106
150,161
151,58
152,15
153,19
154,139
155,166
156,107
157,91
158,23
159,70
160,10
161,71
162,83
163,51
164,151
165,135
166,81
167,118
168,146
