1,127
2,152
3,11
4,133
5,164
6,82
7,4
8,139
9,137
10,88
11,70
12,28
13,98
14,91
15,26
16,30
17,53
18,145
19,32
20,50
21,49
22,37
23,20
24,64
25,27
26,21
27,151
28,134
29,102
30,83
31,7
32,81
33,12
34,143
35,86
36,128
37,8
38,89
39,159
40,129
41,38
42,52
43,61
44,150
45,101
46,44
47,63
48,155
49,166
50,2
51,87
52,105
53,153
54,76
55,149
56,131
57,154
58,135
59,60
60,113
61,35
62,110
63,120
64,157
65,46
66,115
67,47
68,93
69,90
70,24
71,22
72,97
73,96
74,147
75,1
76,104
77,73
78,57
79,146
80,85
81,23
82,103
83,136
84,25
85,132
86,59
87,69
88,78
89,162
90,84
91,167
92,108
93,43
94,163
95,5
96,14
97,126
98,13
99,168
100,148
101,161
102,95
103,121
104,130
105,6
106,123
107,39
108,112
109,48
110,41
111,144
112,99
113,36
114,124
115,16
116,107
117,114
118,33
119,111
120,92
121,100
122,15
123,165
124,158
125,140
126,62
127,40
128,10
129,18
130,65
131,42
132,125
133,160
134,67
135,141
136,66
137,9
138,29
139,17
140,75
141,156
142,54
143,45
144,51
145,109
146,77
147,79
148,119
149,118
150,71
151,31
152,58
153,80
154,106
155,55
156,68
157,122
158,116
159,72
160,142
161,74
162,34
163,19
164,94
165,56
166,138
167,3
168,117
