1,156
2,37
3,107
4,27
5,97
6,9
7,45
8,73
9,82
10,139
11,155
12,149
13,18
14,31
15,68
16,94
17,153
18,57
19,77
20,131
21,158
22,129
23,148
24,33
25,38
26,43
27,162
28,140
29,28
30,104
31,124
32,166
33,47
34,106
35,118
36,167
37,44
38,109
39,134
40,161
41,72
42,159
43,55
44,128
45,71
46,14
47,46
48,60
49,52
50,25
51,48
52,6
53,56
54,95
55,50
56,12
57,122
58,21
59,86
60,138
61,4
62,58
63,91
64,96
65,53
66,154
67,26
68,133
69,23
70,102
71,164
72,78
73,51
74,120
75,88
76,112
77,65
78,141
79,143
80,29
81,76
82,20
83,39
84,63
85,2
86,81
87,36
88,87
89,16
90,130
91,147
92,93
93,123
94,11
95,168
96,136
97,54
98,142
99,117
100,115
101,15
102,126
103,17
104,146
105,152
106,49
107,41
108,90
109,85
110,83
111,99
112,119
113,35
114,135
115,7
116,79
117,144
118,8
119,163
120,62
121,75
122,111
123,10
124,66
125,103
126,100
127,32
128,34
129,30
130,145
131,70
132,92
133,101
134,160
135,150
136,114
137,22
138,108
139,116
140,98
141,40
142,84
143,67
144,110
145,42
146,3
147,5
148,137
149,74
150,59
151,157
152,105
153,69
154,127
155,19
156,165
157,151
158,89
159,125
160,13
161,113
162,121
163,64
164,80
165,132
166,1
167,24
168,61
