1,69
2,149
3,120
4,59
5,167
6,155
7,126
8,145
9,13
10,12
11,150
12,144
13,30
14,66
15,10
16,82
17,100
18,152
19,29
20,93
21,109
22,151
23,92
24,131
25,18
26,105
27,7
28,102
29,127
30,104
31,40
32,123
33,11
34,125
35,153
36,122
37,2
38,121
39,164
40,161
41,156
42,34
43,14
44,76
45,95
46,61
47,99
48,101
49,58
50,142
51,168
52,112
53,129
54,148
55,74
56,80
57,97
58,139
59,89
60,116
61,166
62,16
63,107
64,70
65,115
66,6
67,56
68,35
69,146
70,42
71,55
72,3
73,51
74,9
75,88
76,25
77,4
78,110
79,163
80,50
81,135
82,73
83,22
84,32
85,119
86,78
87,39
88,67
89,27
90,21
91,106
92,75
93,114
94,140
95,90
96,60
97,160
98,84
99,85
100,154
101,94
102,137
103,1
104,62
105,81
106,165
107,31
108,41
109,86
110,79
111,96
112,26
113,87
114,52
115,68
116,138
117,44
118,15
119,130
120,124
121,147
122,28
123,108
124,49
125,159
126,98
127,83
128,63
129,141
130,77
131,158
132,20
133,128
134,33
135,17
136,136
137,24
138,45
139,43
140,48
141,5
142,157
143,54
144,8
145,162
146,36
147,111
148,72
149,117
150,37
151,38
152,91
153,133
154,57
155,47
156,23
157,134
158,64
159,143
160,19
161,53
162,46
163,103
164,118
165,71
166,113
167,65
168,132
