1,68
2,51
3,30
4,148
5,130
6,112
7,31
8,78
9,53
10,14
11,116
12,104
13,107
14,75
15,151
16,8
17,72
18,126
19,133
20,74
21,145
22,54
23,20
24,158
25,64
26,113
27,9
28,161
29,155
30,121
31,88
32,152
33,28
34,27
35,10
36,79
37,124
38,22
39,11
40,39
41,149
42,147
43,141
44,32
45,160
46,44
47,47
48,43
49,102
50,1
51,46
52,96
53,2
54,36
55,90
56,131
57,129
58,87
59,25
60,99
61,48
62,162
63,164
64,38
65,123
66,67
67,5
68,94
69,140
70,139
71,146
72,42
73,13
74,70
75,81
76,3
77,144
78,143
79,37
80,93
81,52
82,7
83,108
84,24
85,128
86,89
87,69
88,49
89,76
90,80
91,115
92,166
93,23
94,127
95,12
96,142
97,125
98,6
99,132
100,17
101,98
102,111
103,153
104,34
105,19
106,15
107,97
108,41
109,55
110,40
111,163
112,106
113,82
114,71
115,59
116,85
117,56
118,117
119,61
120,60
121,137
122,63
123,157
124,118
125,135
126,110
127,84
128,35
129,167
130,138
131,58
132,18
133,156
134,159
135,165
136,65
137,95
138,150
139,73
140,77
141,109
142,105
143,16
144,168
145,26
146,134
147,45
148,29
149,66
150,91
151,122
152,114
153,4
154,120
155,83
156,119
157,86
158,21
159,154
160,136
161,92
162,100
163,62
164,50
165,101
166,57
167,33
168,103
