1,168
2,58
3,29
4,80
5,106
6,166
7,60
8,43
9,76
10,149
11,94
12,9
13,31
14,73
15,51
16,155
17,26
18,139
19,99
20,46
21,79
22,134
23,28
24,62
25,55
26,67
27,66
28,49
29,111
30,140
31,163
32,141
33,83
34,41
35,70
36,20
37,19
38,22
39,38
40,45
41,87
42,165
43,107
44,82
45,145
46,104
47,127
48,97
49,114
50,100
51,113
52,110
53,30
54,156
55,78
56,143
57,7
58,161
59,77
60,75
61,74
62,133
63,125
64,151
65,164
66,34
67,120
68,122
69,52
70,50
71,126
72,86
73,57
74,121
75,6
76,93
77,109
78,21
79,119
80,23
81,37
82,102
83,160
84,39
85,63
86,162
87,25
88,153
89,124
90,14
91,152
92,61
93,35
94,65
95,128
96,5
97,150
98,1
99,157
100,18
101,101
102,132
103,136
104,48
105,15
106,129
107,144
108,103
109,10
110,84
111,135
112,159
113,69
114,91
115,36
116,27
117,11
118,81
119,54
120,2
121,68
122,167
123,116
124,13
125,115
126,130
127,148
128,96
129,33
130,17
131,90
132,147
133,32
134,3
135,16
136,138
137,8
138,154
139,118
140,24
141,4
142,117
143,95
144,146
145,44
146,56
147,112
148,108
149,53
150,98
151,59
152,71
153,85
154,47
155,40
156,105
157,142
158,88
159,137
160,123
161,89
162,158
163,12
164,42
165,72
166,64
167,131
168,92
