1,55
2,10
3,99
4,157
5,129
6,30
7,127
8,73
9,83
10,154
11,102
12,130
13,106
14,118
15,94
16,165
17,40
18,66
19,159
20,9
21,31
22,162
23,115
24,7
25,14
26,122
27,100
28,140
29,23
30,97
31,166
32,138
33,78
34,86
35,8
36,131
37,158
38,43
39,149
40,133
41,44
42,141
43,145
44,13
45,54
46,71
47,64
48,125
49,132
50,105
51,57
52,67
53,155
54,28
55,113
56,146
57,137
58,1
59,112
60,49
61,59
62,11
63,39
64,58
65,109
66,29
67,111
68,38
69,25
70,103
71,104
72,93
73,36
74,19
75,89
76,20
77,61
78,35
79,17
80,27
81,12
82,163
83,135
84,148
85,114
86,143
87,74
88,45
89,161
90,84
91,164
92,32
93,88
94,167
95,160
96,96
97,134
98,60
99,42
100,98
101,124
102,4
103,72
104,46
105,95
106,75
107,52
108,6
109,168
110,107
111,47
112,123
113,82
114,22
115,63
116,41
117,2
118,120
119,34
120,117
121,77
122,90
123,33
124,79
125,80
126,18
127,126
128,108
129,144
130,139
131,87
132,48
133,21
134,81
135,119
136,116
137,26
138,142
139,85
140,153
141,24
142,69
143,50
144,128
145,121
146,91
147,150
148,68
149,3
150,15
151,37
152,76
153,152
154,62
155,53
156,16
157,70
158,51
159,156
160,147
161,151
162,136
163,101
164,92
165,65
166,110
167,56
168,5
